	3
	0
	1.3917343534e+11	-57105904056.1	15927500000.0	0	0	255
	0.0	0.0	34785000000.0	255	255	0
	83148349343.5	-1.91457954082e+11	8474750000.0	255	0	0
	4
	432
	1.3963499816e+11	-55913018314.8	15927500000.0	0	0	255
	15.6345733441	-7.0570388147	34785000000.0	255	255	0
	84168367124.9	-1.90961608233e+11	8474750000.0	255	0	0
	1.36727455099e+11	-58190511295.2	3185500000.0	0	255	0
	4
	864
	1.40086371857e+11	-54716052628.8	15927500000.0	0	0	255
	62.6199809113	-28.0548545007	34785000000.0	255	255	0
	85186085273.5	-1.90460044912e+11	8474750000.0	255	0	0
	1.34264089844e+11	-59267426847.6	3185500000.0	0	255	0
	4
	1296
	1.4052751932e+11	-53515092709.1	15927500000.0	0	0	255
	141.07717923	-62.7326420972	34785000000.0	255	255	0
	86201474462.9	-1.89953274423e+11	8474750000.0	255	0	0
	1.31790190302e+11	-60339676108.1	3185500000.0	0	255	0
	4
	1728
	1.40958404131e+11	-52310224621.1	15927500000.0	0	0	255
	251.125016354	-110.828469856	34785000000.0	255	255	0
	87214505408.4	-1.89441307263e+11	8474750000.0	255	0	0
	1.29305549379e+11	-61407000065.8	3185500000.0	0	255	0
	4
	2160
	1.41378990577e+11	-51101534779.6	15927500000.0	0	0	255
	392.880220452	-172.079295042	34785000000.0	255	255	0
	88225148868.3	-1.88924154122e+11	8474750000.0	255	0	0
	1.2680996448e+11	-62469122072.4	3185500000.0	0	255	0
	4
	2592
	1.41789243648e+11	-49889109943.2	15927500000.0	0	0	255
	566.457388503	-246.220979865	34785000000.0	255	255	0
	89233375645.4	-1.88401825878e+11	8474750000.0	255	0	0
	1.24303234286e+11	-63525750186.6	3185500000.0	0	255	0
	4
	3024
	1.42189129042e+11	-48673037209.2	15927500000.0	0	0	255
	771.968975074	-332.988307531	34785000000.0	255	255	0
	90239156588.9	-1.87874333602e+11	8474750000.0	255	0	0
	1.21785158544e+11	-64576577200.8	3185500000.0	0	255	0
	4
	3456
	1.42578613169e+11	-47453404008.2	15927500000.0	0	0	255
	1009.52528121	-432.114998426	34785000000.0	255	255	0
	91242462595.4	-1.87341688557e+11	8474750000.0	255	0	0
	1.1925553847e+11	-65621280248.8	3185500000.0	0	255	0
	4
	3888
	1.42957663156e+11	-46230298098.5	15927500000.0	0	0	255
	1279.23444339	-543.333726419	34785000000.0	255	255	0
	92243264610.7	-1.86803902196e+11	8474750000.0	255	0	0
	1.16714177385e+11	-66659520303.0	3185500000.0	0	255	0
	4
	4320
	1.43326246845e+11	-45003807560.9	15927500000.0	0	0	255
	1581.20242267	-666.3761353	34785000000.0	255	255	0
	93241533631.4	-1.86260986163e+11	8474750000.0	255	0	0
	1.14160881482e+11	-67690941642.6	3185500000.0	0	255	0
	4
	4752
	1.43684332803e+11	-43774020793.1	15927500000.0	0	0	255
	1915.53299377	-800.972855332	34785000000.0	255	255	0
	94237240706.2	-1.85712952295e+11	8474750000.0	255	0	0
	1.11595460711e+11	-68715171325.1	3185500000.0	0	255	0
	4
	5184
	1.44031890323e+11	-42541026503.9	15927500000.0	0	0	255
	2282.32773447	-946.85351994	34785000000.0	255	255	0
	95230356937.6	-1.85159812615e+11	8474750000.0	255	0	0
	1.09017729763e+11	-69731818681.3	3185500000.0	0	255	0
	4
	5616
	1.44368889425e+11	-41304913708.1	15927500000.0	0	0	255
	2681.68601492	-1103.74678252	34785000000.0	255	255	0
	96220853483.3	-1.84601579341e+11	8474750000.0	255	0	0
	1.06427509164e+11	-70740474844.2	3185500000.0	0	255	0
	4
	6048
	1.44695300862e+11	-40065771720.6	15927500000.0	0	0	255
	3113.70498716	-1271.38033336	34785000000.0	255	255	0
	97208701558.0	-1.8403826488e+11	8474750000.0	255	0	0
	1.03824626464e+11	-71740712329.3	3185500000.0	0	255	0
	4
	6480
	1.45011096123e+11	-38823690150.9	15927500000.0	0	0	255
	3578.47957477	-1449.48091674	34785000000.0	255	255	0
	98193872434.7	-1.83469881828e+11	8474750000.0	255	0	0
	1.01208917548e+11	-72732084676.3	3185500000.0	0	255	0
	4
	6912
	1.45316247436e+11	-37578758897.0	15927500000.0	0	0	255
	4076.10246253	-1637.77434804	34785000000.0	255	255	0
	99176337446.0	-1.82896442971e+11	8474750000.0	255	0	0
	98580228048.4	-73714126168.8	3185500000.0	0	255	0
	4
	7344
	1.45610727769e+11	-36331068140.3	15927500000.0	0	0	255
	4606.66408629	-1835.98553114	34785000000.0	255	255	0
	1.00156067986e+11	-1.82317961285e+11	8474750000.0	255	0	0
	95938414869.9	-74686351646.9	3185500000.0	0	255	0
	4
	7776
	1.45894510838e+11	-35080708339.2	15927500000.0	0	0	255
	5170.25262288	-2043.83847579	34785000000.0	255	255	0
	1.01133035513e+11	-1.81734449937e+11	8474750000.0	255	0	0
	93283347830.8	-75648256429.7	3185500000.0	0	255	0
	4
	8208
	1.46167571106e+11	-33827770223.8	15927500000.0	0	0	255
	5766.9539802	-2261.05631516	34785000000.0	255	255	0
	1.02107211546e+11	-1.8114592228e+11	8474750000.0	255	0	0
	90614911410.7	-76599316366.4	3185500000.0	0	255	0
	4
	8640
	1.46429883788e+11	-32572344789.7	15927500000.0	0	0	255
	6396.85178737	-2487.36132358	34785000000.0	255	255	0
	1.03078567676e+11	-1.80552391858e+11	8474750000.0	255	0	0
	87933006605.8	-77538988035.2	3185500000.0	0	255	0
	4
	9072
	1.46681424852e+11	-31314523292.3	15927500000.0	0	0	255
	7060.02738506	-2722.47493428	34785000000.0	255	255	0
	1.04047075555e+11	-1.79953872402e+11	8474750000.0	255	0	0
	85237552884.8	-78466709110.0	3185500000.0	0	255	0
	4
	9504
	1.46922171025e+11	-30054397240.7	15927500000.0	0	0	255
	7756.55981583	-2966.11775735	34785000000.0	255	255	0
	1.0501270691e+11	-1.79350377833e+11	8474750000.0	255	0	0
	82528490235.8	-79381898916.6	3185500000.0	0	255	0
	4
	9936
	1.47152099796e+11	-28792058391.8	15927500000.0	0	0	255
	8486.52581476	-3218.00959776	34785000000.0	255	255	0
	1.05975433533e+11	-1.78741922259e+11	8474750000.0	255	0	0
	79805781292.5	-80283959200.7	3185500000.0	0	255	0
	4
	10368
	1.47371189414e+11	-27527598744.5	15927500000.0	0	0	255
	9249.99980002	-3477.86947358	34785000000.0	255	255	0
	1.06935227293e+11	-1.78128519974e+11	8474750000.0	255	0	0
	77069413522.4	-81172275126.9	3185500000.0	0	255	0
	4
	10800
	1.47579418896e+11	-26261110533.3	15927500000.0	0	0	255
	10047.0538637	-3745.41563419	34785000000.0	255	255	0
	1.07892060131e+11	-1.77510185461e+11	8474750000.0	255	0	0
	74319401459.2	-82046216533.2	3185500000.0	0	255	0
	4
	11232
	1.4777676803e+11	-24992686222.4	15927500000.0	0	0	255
	10877.7577627	-4020.36557879	34785000000.0	255	255	0
	1.0884590406e+11	-1.76886933389e+11	8474750000.0	255	0	0
	71555788952.3	-82905139456.3	3185500000.0	0	255	0
	4
	11664
	1.47963217374e+11	-23722418499.6	15927500000.0	0	0	255
	11742.1789098	-4302.43607483	34785000000.0	255	255	0
	1.09796731175e+11	-1.76258778614e+11	8474750000.0	255	0	0
	68778651407.8	-83748387949.8	3185500000.0	0	255	0
	4
	12096
	1.48138748262e+11	-22450400269.9	15927500000.0	0	0	255
	12640.3823648	-4591.34317675	34785000000.0	255	255	0
	1.10744513646e+11	-1.75625736178e+11	8474750000.0	255	0	0
	65988097984.9	-84575296205.4	3185500000.0	0	255	0
	4
	12528
	1.48303342803e+11	-21176724649.7	15927500000.0	0	0	255
	13572.4308258	-4886.80224469	34785000000.0	255	255	0
	1.11689223722e+11	-1.74987821306e+11	8474750000.0	255	0	0
	63184273711.8	-85385190991.3	3185500000.0	0	255	0
	4
	12960
	1.48456983891e+11	-19901484960.3	15927500000.0	0	0	255
	14538.3846207	-5188.52796342	34785000000.0	255	255	0
	1.12630833737e+11	-1.74345049412e+11	8474750000.0	255	0	0
	60367361479.4	-86177394411.5	3185500000.0	0	255	0
	4
	13392
	1.48599655198e+11	-18624774721.4	15927500000.0	0	0	255
	15538.3016986	-5496.23436131	34785000000.0	255	255	0
	1.13569316104e+11	-1.73697436091e+11	8474750000.0	255	0	0
	57537583865.9	-86951226985.1	3185500000.0	0	255	0
	4
	13824
	1.48731341185e+11	-17346687645.5	15927500000.0	0	0	255
	16572.2376217	-5809.63482949	34785000000.0	255	255	0
	1.14504643322e+11	-1.73044997125e+11	8474750000.0	255	0	0
	54695204745.5	-87706011039.8	3185500000.0	0	255	0
	4
	14256
	1.488520271e+11	-16067317630.7	15927500000.0	0	0	255
	17640.2455571	-6128.44214108	34785000000.0	255	255	0
	1.15436787976e+11	-1.72387748478e+11	8474750000.0	255	0	0
	51840530630.5	-88441074402.1	3185500000.0	0	255	0
	4
	14688
	1.48961698982e+11	-14786758754.8	15927500000.0	0	0	255
	18742.3762688	-6452.36847055	34785000000.0	255	255	0
	1.16365722737e+11	-1.71725706298e+11	8474750000.0	255	0	0
	48973911694.8	-89155754360.9	3185500000.0	0	255	0
	4
	15120
	1.49060343661e+11	-13505105268.8	15927500000.0	0	0	255
	19878.6781095	-6781.12541318	34785000000.0	255	255	0
	1.17291420366e+11	-1.71058886915e+11	8474750000.0	255	0	0
	46095742431.3	-89849401869.5	3185500000.0	0	255	0
	4
	15552
	1.49147948765e+11	-12222451590.5	15927500000.0	0	0	255
	21049.1970135	-7114.42400467	34785000000.0	255	255	0
	1.18213853715e+11	-1.70387306842e+11	8474750000.0	255	0	0
	43206461893.6	-90521385942.5	3185500000.0	0	255	0
	4
	15984
	1.49224502718e+11	-10938892297.8	15927500000.0	0	0	255
	22253.9764886	-7451.97474083	34785000000.0	255	255	0
	1.19132995725e+11	-1.69710982772e+11	8474750000.0	255	0	0
	40306553480.1	-91171098195.0	3185500000.0	0	255	0
	4
	16416
	1.49289994746e+11	-9654522122.18	15927500000.0	0	0	255
	23493.0576088	-7793.48759741	34785000000.0	255	255	0
	1.20048819434e+11	-1.6902993158e+11	8474750000.0	255	0	0
	37396544225.2	-91797957459.5	3185500000.0	0	255	0
	4
	16848
	1.49344414876e+11	-8369435942.39	15927500000.0	0	0	255
	24766.479007	-8138.67205002	34785000000.0	255	255	0
	1.20961297972e+11	-1.68344170323e+11	8474750000.0	255	0	0
	34477003568.1	-92401414411.1	3185500000.0	0	255	0
	4
	17280
	1.4938775394e+11	-7083728777.59	15927500000.0	0	0	255
	26074.2768679	-8487.23709415	34785000000.0	255	255	0
	1.21870404566e+11	-1.67653716235e+11	8474750000.0	255	0	0
	31548541584.6	-92980956122.7	3185500000.0	0	255	0
	4
	17712
	1.49420003577e+11	-5797495780.81	15927500000.0	0	0	255
	27416.4849212	-8838.89126537	34785000000.0	255	255	0
	1.22776112541e+11	-1.6695858673e+11	8474750000.0	255	0	0
	28611806674.9	-93536110467.9	3185500000.0	0	255	0
	4
	18144
	1.49441156235e+11	-4510832232.22	15927500000.0	0	0	255
	28793.1344344	-9193.34265954	34785000000.0	255	255	0
	1.23678395322e+11	-1.66258799402e+11	8474750000.0	255	0	0
	25667482716.5	-94066450285.7	3185500000.0	0	255	0
	4
	18576
	1.49451205172e+11	-3223833532.49	15927500000.0	0	0	255
	30204.2542062	-9550.29895322	34785000000.0	255	255	0
	1.24577226434e+11	-1.65554372021e+11	8474750000.0	255	0	0
	22716285705.9	-94571597223.8	3185500000.0	0	255	0
	4
	19008
	1.49450144459e+11	-1936595195.96	15927500000.0	0	0	255
	31649.8705604	-9909.46742412	34785000000.0	255	255	0
	1.25472579503e+11	-1.64845322537e+11	8474750000.0	255	0	0
	19758959924.6	-95051225177.9	3185500000.0	0	255	0
	4
	19440
	1.49437968985e+11	-649212843.943	15927500000.0	0	0	255
	33130.007339	-10270.5549717	34785000000.0	255	255	0
	1.26364428261e+11	-1.64131669074e+11	8474750000.0	255	0	0
	16796273681.3	-95505063251.8	3185500000.0	0	255	0
